Multiple size <= 100
TEST 1 ARG:35 20 74 81 50 36 58 22 41 78 91 9 25 34 4 2 29 40 44 54 12 86 93 0 1 19 56 97 42 3 16 88 57 49 23 87 76 30 46 45 77 85 26 39 84 7 61 28 63 79 65 64 67 38 99 37 33 98 66 52 92 17 32 43 5 68 62 55 83 10 73 72 21 70 95 60 80 90 8 24 75 27 47 15 53 18 96 6 51 94 13 82 89 48 14 59 71 11 69 31
TEST 1 ARG:35 20 74 81 50 36 58 22 41 78 91 9 25 34 4 2 29 40 44 54 12 86 93 0 1 19 56 97 42 3 16 88 57 49 23 87 76 30 46 45 77 85 26 39 84 7 61 28 63 79 65 64 67 38 99 37 33 98 66 52 92 17 32 43 5 68 62 55 83 10 73 72 21 70 95 60 80 90 8 24 75 27 47 15 53 18 96 6 51 94 13 82 89 48 14 59 71 11 69 31
TEST 2 ARG:50 56 59 75 33 43 85 48 83 6 88 13 55 35 86 19 65 47 74 70 76 17 38 42 95 53 63 25 98 5 14 3 94 40 82 92 23 1 99 7 58 32 77 27 90 36 87 61 26 91 37 18 52 29 54 78 0 9 31 57 60 69 80 39 21 4 34 93 71 97 72 62 51 11 20 41 84 16 30 64 8 15 66 28 81 96 89 67 2 79 73 12 68 10 46 45 22 44 24 49
TEST 2 ARG:50 56 59 75 33 43 85 48 83 6 88 13 55 35 86 19 65 47 74 70 76 17 38 42 95 53 63 25 98 5 14 3 94 40 82 92 23 1 99 7 58 32 77 27 90 36 87 61 26 91 37 18 52 29 54 78 0 9 31 57 60 69 80 39 21 4 34 93 71 97 72 62 51 11 20 41 84 16 30 64 8 15 66 28 81 96 89 67 2 79 73 12 68 10 46 45 22 44 24 49
TEST 3 ARG:91 24 43 53 84 45 16 76 2 27 75 89 70 49 3 64 96 5 94 18 74 54 71 82 77 1 90 85 51 38 6 83 44 17 69 31 48 79 66 80 30 73 34 11 12 78 10 61 81 55 59 41 13 86 4 15 39 20 47 65 28 29 60 23 14 35 88 7 36 63 50 42 99 25 0 22 52 58 26 37 97 57 95 68 93 56 98 46 62 72 21 9 87 32 8 19 33 92 40 67
TEST 4 ARG:38 61 67 75 36 58 81 29 82 21 79 89 48 69 23 40 63 80 72 87 64 46 41 5 57 43 70 37 84 19 9 62 59 47 8 73 18 3 39 35 24 93 66 74 50 22 27 17 15 78 91 4 90 28 10 26 95 0 96 32 99 45 6 71 7 76 49 12 65 25 88 54 31 2 42 14 30 68 85 20 53 51 97 83 55 11 77 34 56 44 52 92 98 94 60 1 13 86 33 16
TEST 4 ARG:38 61 67 75 36 58 81 29 82 21 79 89 48 69 23 40 63 80 72 87 64 46 41 5 57 43 70 37 84 19 9 62 59 47 8 73 18 3 39 35 24 93 66 74 50 22 27 17 15 78 91 4 90 28 10 26 95 0 96 32 99 45 6 71 7 76 49 12 65 25 88 54 31 2 42 14 30 68 85 20 53 51 97 83 55 11 77 34 56 44 52 92 98 94 60 1 13 86 33 16
TEST 5 ARG:68 25 65 71 31 6 70 45 72 77 41 3 56 63 43 0 14 66 2 29 27 88 16 7 24 96 94 36 13 76 69 15 26 37 91 59 40 85 81 18 33 44 52 80 47 73 9 82 86 8 55 57 75 60 54 89 34 99 78 98 84 1 42 46 17 39 95 64 19 38 67 51 83 23 28 74 21 10 32 30 53 50 20 92 87 35 4 97 62 11 5 61 79 93 48 22 12 90 49 58
TEST 5 ARG:68 25 65 71 31 6 70 45 72 77 41 3 56 63 43 0 14 66 2 29 27 88 16 7 24 96 94 36 13 76 69 15 26 37 91 59 40 85 81 18 33 44 52 80 47 73 9 82 86 8 55 57 75 60 54 89 34 99 78 98 84 1 42 46 17 39 95 64 19 38 67 51 83 23 28 74 21 10 32 30 53 50 20 92 87 35 4 97 62 11 5 61 79 93 48 22 12 90 49 58
TEST 6 ARG:94 84 71 63 47 3 55 59 85 54 5 37 89 79 50 1 42 70 27 11 2 98 29 68 53 56 14 65 51 18 92 74 16 7 49 19 33 62 21 64 96 44 76 36 87 52 46 4 20 86 82 41 39 31 95 73 0 72 69 17 90 97 25 91 22 75 99 32 23 67 61 93 38 58 34 12 45 57 35 30 6 88 77 66 9 40 60 15 8 28 81 10 83 13 80 26 24 43 48 78
TEST 6 ARG:94 84 71 63 47 3 55 59 85 54 5 37 89 79 50 1 42 70 27 11 2 98 29 68 53 56 14 65 51 18 92 74 16 7 49 19 33 62 21 64 96 44 76 36 87 52 46 4 20 86 82 41 39 31 95 73 0 72 69 17 90 97 25 91 22 75 99 32 23 67 61 93 38 58 34 12 45 57 35 30 6 88 77 66 9 40 60 15 8 28 81 10 83 13 80 26 24 43 48 78
TEST 7 ARG:72 97 26 63 46 50 21 33 75 4 27 13 16 1 81 84 79 48 91 43 23 87 82 71 61 59 32 20 77 5 28 2 92 39 66 96 67 73 98 93 7 10 53 80 14 62 60 18 38 17 31 37 25 52 86 57 90 74 41 58 24 55 54 22 3 45 47 70 19 99 12 0 85 88 29 83 51 78 35 95 9 64 65 36 94 11 44 68 34 42 15 89 76 30 56 8 69 6 49 40
TEST 7 ARG:72 97 26 63 46 50 21 33 75 4 27 13 16 1 81 84 79 48 91 43 23 87 82 71 61 59 32 20 77 5 28 2 92 39 66 96 67 73 98 93 7 10 53 80 14 62 60 18 38 17 31 37 25 52 86 57 90 74 41 58 24 55 54 22 3 45 47 70 19 99 12 0 85 88 29 83 51 78 35 95 9 64 65 36 94 11 44 68 34 42 15 89 76 30 56 8 69 6 49 40
TEST 8 ARG:72 79 71 47 27 52 29 5 46 93 17 37 12 89 19 82 51 44 2 86 20 43 54 56 97 50 33 98 49 75 95 62 84 81 59 70 77 18 40 10 21 41 87 11 80 55 69 91 66 36 3 35 90 99 68 6 57 42 7 32 34 74 94 14 1 24 45 88 53 76 73 31 25 48 23 4 64 58 65 39 61 78 67 16 9 38 92 26 8 60 28 85 30 96 13 22 0 15 83 63
TEST 8 ARG:72 79 71 47 27 52 29 5 46 93 17 37 12 89 19 82 51 44 2 86 20 43 54 56 97 50 33 98 49 75 95 62 84 81 59 70 77 18 40 10 21 41 87 11 80 55 69 91 66 36 3 35 90 99 68 6 57 42 7 32 34 74 94 14 1 24 45 88 53 76 73 31 25 48 23 4 64 58 65 39 61 78 67 16 9 38 92 26 8 60 28 85 30 96 13 22 0 15 83 63
TEST 9 ARG:30 68 5 2 78 69 27 9 79 65 31 46 81 10 95 76 80 12 60 13 33 64 23 53 19 96 25 50 1 38 45 16 99 84 8 15 34 54 22 24 98 63 87 75 21 40 71 36 77 94 67 91 47 55 83 48 41 57 0 14 61 7 51 88 85 59 26 93 90 73 58 52 56 37 62 29 6 42 66 4 3 82 17 35 70 44 74 86 72 97 92 28 89 32 18 43 11 49 39 20
TEST 9 ARG:30 68 5 2 78 69 27 9 79 65 31 46 81 10 95 76 80 12 60 13 33 64 23 53 19 96 25 50 1 38 45 16 99 84 8 15 34 54 22 24 98 63 87 75 21 40 71 36 77 94 67 91 47 55 83 48 41 57 0 14 61 7 51 88 85 59 26 93 90 73 58 52 56 37 62 29 6 42 66 4 3 82 17 35 70 44 74 86 72 97 92 28 89 32 18 43 11 49 39 20
